ACol	ARow

12	112	11 Na 18
13	112	11 Na 19
14	112	11 Na 20
15	112	11 Na 21
16	112	11 Na 22
17	112	11 Na 23
18	112	11 Na 24
19	112	11 Na 25
11	113	10 Ne 16
12	113	10 Ne 17
13	113	10 Ne 18
14	113	10 Ne 19
15	113	10 Ne 20
16	113	10 Ne 21
17	113	10 Ne 22
18	113	10 Ne 23
19	113	10 Ne 24
10	114	9 F 14
11	114	9 F 15
12	114	9 F 16
13	114	9 F 17
14	114	9 F 18
15	114	9 F 19
16	114	9 F 20
17	114	9 F 21
18	114	9 F 22
19	114	9 F 23
9	115	8 O 12
10	115	8 O 13
11	115	8 O 14
12	115	8 O 15
13	115	8 O 16
14	115	8 O 17
15	115	8 O 18
16	115	8 O 19
17	115	8 O 20
18	115	8 O 21
19	115	8 O 22
8	116	7 N 10
9	116	7 N 11
10	116	7 N 12
11	116	7 N 13
12	116	7 N 14
13	116	7 N 15
14	116	7 N 16
15	116	7 N 17
16	116	7 N 18
17	116	7 N 19
18	116	7 N 20
19	116	7 N 21
7	117	6 C 8
8	117	6 C 9
9	117	6 C 10
10	117	6 C 11
11	117	6 C 12
12	117	6 C 13
13	117	6 C 14
14	117	6 C 15
15	117	6 C 16
16	117	6 C 17
17	117	6 C 18
18	117	6 C 19
19	117	6 C 20
6	118	5 B 6
7	118	5 B 7
8	118	5 B 8
9	118	5 B 9
10	118	5 B 10
11	118	5 B 11
12	118	5 B 12
13	118	5 B 13
14	118	5 B 14
15	118	5 B 15
16	118	5 B 16
17	118	5 B 17
18	118	5 B 18
19	118	5 B 19
6	119	4 Be 5
7	119	4 Be 6
8	119	4 Be 7
9	119	4 Be 8
10	119	4 Be 9
11	119	4 Be 10
12	119	4 Be 11
13	119	4 Be 12
14	119	4 Be 13
15	119	4 Be 14
16	119	4 Be 15
17	119	4 Be 16
6	120	3 Li 4
7	120	3 Li 5
8	120	3 Li 6
9	120	3 Li 7
10	120	3 Li 8
11	120	3 Li 9
12	120	3 Li 10
13	120	3 Li 11
14	120	3 Li 12
6	121	2 He 3
7	121	2 He 4
8	121	2 He 5
9	121	2 He 6
10	121	2 He 7
11	121	2 He 8
12	121	2 He 9
13	121	2 He 10
5	122	1 H 1
6	122	1 H 2
7	122	1 H 3
8	122	1 H 4
9	122	1 H 5
10	122	1 H 6
11	122	1 H 7
6	123	0 nn 1
